% This script provides values for the passive joint torques
%
% Author: Antoine Falisse
% Date: 12/19/2018
% 
k_pass.hip.flex = [-2.44 5.05 1.51 -21.88]';
theta.pass.hip.flex = [-0.6981 1.81]';
k_pass.hip.add = [-0.03 14.94 0.03 -14.94]';
theta.pass.hip.add = [-0.5 0.5]';
k_pass.hip.rot = [-0.03 14.94 0.03 -14.94]';
theta.pass.hip.rot = [-0.92 0.92]';
k_pass.knee = [-6.09 33.94 11.03 -11.33]';
theta.pass.knee = [-2.4 0.13]';
k_pass.ankle = [-2.03 38.11 0.18 -12.12]';
theta.pass.ankle = [-0.74 0.52]';
k_pass.subt = [-60.21 16.32 60.21 -16.32]';
theta.pass.subt = [-0.65 0.65]';
k_pass.mtp = [-0.9 14.87 0.18 -70.08]';
theta.pass.mtp = [0 65/180*pi]';
k_pass.trunk.ext = [-0.35 30.72 0.25 -20.36]';
theta.pass.trunk.ext = [-0.5235987755982988 0.17]';
k_pass.trunk.ben = [-0.25 20.36 0.25 -20.36]';
theta.pass.trunk.ben = [-0.3490658503988659 0.3490658503988659]';
k_pass.trunk.rot = [-0.25 20.36 0.25 -20.36]';
theta.pass.trunk.rot = [-0.3490658503988659 0.3490658503988659]';
